                       
ooooooooooooooooooooooo
0, 250
ccccccccccccccccccccccc
PPPPPPPPPPPPPPPPPPPPPPP
-0, 250
fffffffffffffffffffffff
0, 250
f_best_line
0, 250
                       
ooooooooooooooooooooooo
1, 254.325
ccccccccccccccccccccccc
1, 254
2, 260
0, 247
0, 249
0, 253
2, 257
3, 267
179, -253
179, -250
179, -247
179, -245
179, -242
179, -239
178, -234
178, -231
178, -237
4, 273
4, 276
4, 279
177, -247
177, -235
177, -227
177, -223
5, 271
5, 283
5, 287
PPPPPPPPPPPPPPPPPPPPPPP
1.03328, 253.959
-0, 246
-0, 249
-0, 252
-0, 253
-0, 248
fffffffffffffffffffffff
1, 254
1, 255
f_best_line
1, 254
                       
ooooooooooooooooooooooo
2, 258.573
ccccccccccccccccccccccc
2, 259
1, 253
3, 261
3, 265
1, 256
0, 243
0, 246
0, 249
4, 269
4, 272
179, -256
179, -253
179, -250
179, -247
179, -244
179, -241
179, -235
179, -238
5, 276
5, 279
5, 282
PPPPPPPPPPPPPPPPPPPPPPP
-0, 241
1.97493, 258.846
fffffffffffffffffffffff
2, 258
2, 259
f_best_line
2, 259
                       
ooooooooooooooooooooooo
3, 262.741
ccccccccccccccccccccccc
3, 263
2, 258
4, 268
2, 256
1, 253
5, 273
5, 277
1, 247
6, 281
0, 238
179, -247
179, -259
179, -255
179, -251
179, -243
179, -239
179, -235
179, -231
7, 294
PPPPPPPPPPPPPPPPPPPPPPP
2.98265, 262.644
fffffffffffffffffffffff
3, 262
3, 263
f_best_line
3, 263
                       
ooooooooooooooooooooooo
4, 266.83
ccccccccccccccccccccccc
4, 267
3, 262
5, 271
6, 280
2, 253
2, 256
6, 278
1, 245
1, 248
7, 285
7, 288
7, 290
1, 242
PPPPPPPPPPPPPPPPPPPPPPP
4.01217, 267.343
-0, 253
-0, 265
-0, 247
-0, 238
-0, 233
-0, 237
-0, 251
-0, 254
-0, 259
-0, 266
-0, 249
-0, 242
-0, 250
-0, 243
-0, 263
-0, 268
-0, 266
fffffffffffffffffffffff
4, 266
4, 267
4, 268
f_best_line
4, 267
                       
ooooooooooooooooooooooo
5, 270.838
ccccccccccccccccccccccc
5, 271
6, 275
4, 264
4, 267
4, 269
6, 277
3, 258
3, 261
7, 281
7, 283
7, 285
3, 256
2, 252
2, 249
8, 288
2, 247
8, 290
8, 293
1, 242
1, 246
1, 238
9, 296
PPPPPPPPPPPPPPPPPPPPPPP
5.0391, 270.949
-0, 244
-0, 253
-0, 269
-0, 234
-0, 248
-0, 229
-0, 246
-0, 249
-0, 231
-0, 232
-0, 270
-0, 261
-0, 230
-0, 267
-0, 265
-0, 247
-0, 257
-0, 266
-0, 235
-0, 242
-0, 245
fffffffffffffffffffffff
5, 270
5, 271
5, 272
f_best_line
5, 271
                       
ooooooooooooooooooooooo
6, 274.763
ccccccccccccccccccccccc
6, 275
5, 271
7, 280
4, 264
8, 284
8, 286
4, 260
3, 252
3, 254
PPPPPPPPPPPPPPPPPPPPPPP
5.94923, 274.513
fffffffffffffffffffffff
6, 274
6, 275
f_best_line
6, 275
                       
ooooooooooooooooooooooo
7, 278.604
ccccccccccccccccccccccc
7, 279
6, 272
8, 280
8, 284
6, 276
9, 289
5, 264
5, 266
5, 268
5, 270
9, 287
9, 291
9, 293
4, 257
4, 260
10, 296
10, 299
4, 255
PPPPPPPPPPPPPPPPPPPPPPP
6.96951, 278.924
-0, 246
-0, 255
-0, 254
-0, 257
-0, 272
-0, 231
-0, 262
-0, 235
-0, 274
-0, 253
-0, 219
-0, 223
-0, 241
-0, 263
-0, 276
-0, 221
fffffffffffffffffffffff
7, 278
7, 279
f_best_line
7, 279
                       
ooooooooooooooooooooooo
8, 282.36
ccccccccccccccccccccccc
8, 282
7, 278
7, 281
9, 286
7, 276
9, 288
10, 295
6, 271
10, 292
6, 268
5, 264
5, 261
11, 301
11, 304
PPPPPPPPPPPPPPPPPPPPPPP
7.98538, 282.237
-0, 222
-0, 258
-0, 233
-0, 281
-0, 272
-0, 217
-0, 248
-0, 284
-0, 216
-0, 260
-0, 223
-0, 285
-0, 267
-0, 263
-0, 250
-0, 264
-0, 235
-0, 249
-0, 269
nan, nan
-0, 226
-0, 242
-0, 274
-0, 239
-0, 276
-0, 220
-0, 275
-0, 260
-0, 268
-0, 229
-0, 230
-0, 277
-0, 279
-0, 234
-0, 246
-0, 271
-0, 228
-0, 225
-0, 246
-0, 261
fffffffffffffffffffffff
8, 282
8, 283
f_best_line
8, 282
                       
ooooooooooooooooooooooo
9, 286.031
ccccccccccccccccccccccc
9, 286
10, 292
10, 289
8, 280
8, 282
11, 296
7, 273
7, 276
11, 298
7, 271
11, 300
6, 263
12, 302
12, 304
12, 306
12, 308
PPPPPPPPPPPPPPPPPPPPPPP
8.99621, 286.433
-0, 244
-0, 231
-0, 230
-0, 269
-0, 275
-0, 213
-0, 249
-0, 258
-0, 233
-0, 284
-0, 220
-0, 220
-0, 276
-0, 250
-0, 249
-0, 277
-0, 228
-0, 283
-0, 290
-0, 225
-0, 242
-0, 256
-0, 211
-0, 227
-0, 259
-0, 252
-0, 289
-0, 247
-0, 262
-0, 272
-0, 226
-0, 257
-0, 213
-0, 237
-0, 215
-0, 212
-0, 224
-0, 246
-0, 240
-0, 238
-0, 258
-0, 215
-0, 245
-0, 279
-0, 275
-0, 287
-0, 269
-0, 228
fffffffffffffffffffffff
9, 285
9, 286
9, 287
f_best_line
9, 286
                       
ooooooooooooooooooooooo
10, 289.614
ccccccccccccccccccccccc
10, 290
11, 293
9, 286
9, 284
11, 296
12, 298
8, 276
8, 278
12, 301
12, 304
13, 288
13, 310
7, 270
13, 307
7, 267
14, 317
PPPPPPPPPPPPPPPPPPPPPPP
10.0014, 289.532
-0, 270
-0, 252
-0, 244
-0, 209
-0, 236
-0, 229
-0, 231
-0, 271
-0, 208
-0, 250
-0, 276
-0, 278
-0, 254
-0, 264
-0, 239
-0, 288
-0, 277
-0, 258
-0, 274
-0, 260
-0, 253
-0, 268
-0, 247
-0, 267
-0, 232
-0, 256
-0, 287
-0, 261
-0, 223
-0, 238
-0, 257
-0, 251
-0, 292
-0, 263
-0, 291
fffffffffffffffffffffff
10, 289
10, 290
f_best_line
10, 290
                       
ooooooooooooooooooooooo
11, 293.109
ccccccccccccccccccccccc
11, 293
10, 289
12, 297
10, 287
13, 301
13, 307
13, 304
9, 279
9, 282
9, 284
14, 310
8, 272
8, 276
8, 274
14, 291
14, 312
15, 320
PPPPPPPPPPPPPPPPPPPPPPP
11.0005, 293.506
-0, 255
-0, 246
-0, 234
-0, 253
-0, 269
-0, 254
-0, 209
-0, 225
-0, 257
-0, 265
-0, 259
-0, 295
-0, 292
-0, 220
-0, 203
-0, 210
-0, 244
-0, 252
-0, 206
-0, 281
-0, 266
-0, 238
-0, 284
-0, 297
fffffffffffffffffffffff
11, 292
11, 293
11, 294
f_best_line
11, 293
                       
ooooooooooooooooooooooo
12, 296.515
ccccccccccccccccccccccc
12, 297
13, 301
11, 291
11, 293
11, 295
13, 299
14, 309
10, 284
10, 287
10, 282
14, 307
9, 274
9, 276
9, 279
9, 281
15, 313
15, 316
15, 294
15, 318
16, 293
16, 321
PPPPPPPPPPPPPPPPPPPPPPP
-0, 236
12.1071, 297.238
-0, 290
-0, 200
-0, 295
-0, 247
-0, 271
-0, 259
-0, 250
-0, 241
7.12502, 297.807
-0, 272
9.46232, 281.944
11.3099, 294.763
11.3099, 291.625
11.0409, 291.551
-0, 254
-0, 280
9.46232, 284.903
-0, 301
-0, 298
-0, 265
-0, 276
7.12502, 294.458
-0, 283
-0, 231
12.5288, 298.062
-0, 204
nan, nan
-0, 286
9.46232, 288.52
9.46232, 296.411
-0, 235
fffffffffffffffffffffff
12, 296
12, 297
f_best_line
12, 297
                       
ooooooooooooooooooooooo
13, 299.83
ccccccccccccccccccccccc
13, 300
14, 304
12, 295
12, 297
11, 286
11, 290
15, 309
16, 317
10, 280
10, 282
16, 319
10, 278
16, 321
PPPPPPPPPPPPPPPPPPPPPPP
12.9778, 300.133
-0, 243
-0, 233
-0, 242
8.1301, 298.116
-0, 247
8.1301, 270.963
-0, 259
-0, 285
-0, 278
-0, 197
-0, 203
-0, 299
-0, 277
8.1301, 293.591
-0, 287
-0, 302
-0, 229
-0, 266
-0, 211
-0, 227
8.1301, 301.51
-0, 196
-0, 272
-0, 215
-0, 283
-0, 230
-0, 251
8.1301, 287.934
-0, 284
-0, 275
-0, 260
-0, 295
-0, 240
-0, 290
-0, 263
-0, 201
-0, 198
-0, 231
-0, 200
-0, 212
-0, 250
-0, 237
-0, 236
-0, 271
8.1301, 283.408
-0, 289
-0, 214
fffffffffffffffffffffff
13, 299
13, 300
13, 301
f_best_line
13, 300
                       
ooooooooooooooooooooooo
14, 303.054
ccccccccccccccccccccccc
14, 303
13, 301
13, 298
15, 305
15, 307
12, 295
12, 290
17, 300
17, 319
17, 321
17, 323
11, 282
11, 285
11, 287
PPPPPPPPPPPPPPPPPPPPPPP
13.9552, 302.791
-0, 207
-0, 216
-0, 258
-0, 245
-0, 301
-0, 307
-0, 302
-0, 251
-0, 283
-0, 305
-0, 229
-0, 311
-0, 246
-0, 291
-0, 282
-0, 263
-0, 261
-0, 196
-0, 195
-0, 224
-0, 244
-0, 241
-0, 212
-0, 261
-0, 282
-0, 281
-0, 201
-0, 308
-0, 295
-0, 290
-0, 253
-0, 264
-0, 307
-0, 296
-0, 280
-0, 232
-0, 242
-0, 264
-0, 217
-0, 247
-0, 250
nan, nan
-0, 220
-0, 284
-0, 286
-0, 287
-0, 259
-0, 293
-0, 290
-0, 253
-0, 305
-0, 243
-0, 230
-0, 285
-0, 248
-0, 222
-0, 205
-0, 227
-0, 190
-0, 310
-0, 197
-0, 202
-0, 262
-0, 206
nan, nan
-0, 276
-0, 234
-0, 294
-0, 304
-0, 200
-0, 230
-0, 208
-0, 255
-0, 298
-0, 192
-0, 193
-0, 279
-0, 285
-0, 291
-0, 221
-0, 209
-0, 234
-0, 275
-0, 306
-0, 209
-0, 228
-0, 202
-0, 252
-0, 286
-0, 245
-0, 266
-0, 279
fffffffffffffffffffffff
14, 302
14, 303
14, 304
f_best_line
14, 303
                       
ooooooooooooooooooooooo
15, 306.186
ccccccccccccccccccccccc
15, 306
14, 301
16, 310
16, 312
16, 308
13, 293
13, 295
13, 298
17, 318
17, 316
17, 320
12, 286
12, 288
12, 291
18, 303
18, 322
18, 327
PPPPPPPPPPPPPPPPPPPPPPP
15.0314, 306.153
-0, 278
-0, 308
-0, 309
-0, 245
11.3099, 287.31
-0, 184
-0, 316
-0, 240
-0, 262
-0, 281
-0, 242
-0, 301
nan, nan
-0, 214
-0, 241
12.5288, 298.279
11.3099, 298.489
-0, 244
11.3099, 309.667
-0, 243
-0, 312
-0, 286
-0, 297
-0, 307
-0, 268
-0, 267
-0, 293
-0, 204
-0, 255
-0, 225
-0, 260
11.3099, 282.603
-0, 289
-0, 264
11.3099, 303.196
-0, 303
-0, 258
-0, 198
-0, 249
-0, 234
-0, 283
-0, 302
11.3099, 304.961
-0, 275
-0, 192
-0, 186
11.3099, 279.073
-0, 205
-0, 226
-0, 263
11.3099, 291.036
-0, 199
11.3099, 301.234
-0, 218
-0, 233
-0, 256
-0, 274
-0, 215
9.46232, 265.833
-0, 211
11.3099, 294.763
fffffffffffffffffffffff
15, 305
15, 306
15, 307
f_best_line
15, 306
                       
ooooooooooooooooooooooo
16, 309.225
ccccccccccccccccccccccc
16, 309
17, 311
15, 305
15, 307
17, 313
15, 303
14, 298
18, 320
14, 296
13, 292
19, 325
13, 290
13, 312
19, 327
19, 330
13, 288
PPPPPPPPPPPPPPPPPPPPPPP
15.9909, 308.579
15.7808, 309.299
11.3099, 280.838
15.7672, 308.684
11.3099, 281.623
11.3099, 311.04
16.2602, 309.16
fffffffffffffffffffffff
16, 309
16, 310
f_best_line
16, 309
                       
ooooooooooooooooooooooo
17, 312.169
ccccccccccccccccccccccc
17, 312
16, 308
18, 314
16, 310
18, 317
19, 321
15, 299
15, 303
19, 325
14, 292
20, 327
20, 329
20, 308
20, 333
14, 295
14, 297
PPPPPPPPPPPPPPPPPPPPPPP
17.0462, 311.678
17.0462, 312.634
fffffffffffffffffffffff
17, 311
17, 312
17, 313
f_best_line
17, 312
                       
ooooooooooooooooooooooo
18, 315.018
ccccccccccccccccccccccc
18, 315
19, 320
19, 317
17, 313
17, 311
17, 309
16, 303
16, 307
16, 305
20, 324
20, 326
16, 301
21, 311
21, 335
15, 294
21, 331
21, 333
15, 296
15, 298
22, 339
22, 341
PPPPPPPPPPPPPPPPPPPPPPP
17.986, 314.825
-0, 237
-0, 288
-0, 317
-0, 251
-0, 301
15.9454, 315.929
15.9454, 309.885
-0, 326
-0, 206
-0, 198
-0, 273
-0, 189
-0, 266
15.9454, 300.957
-0, 238
15.9454, 299.446
-0, 241
-0, 330
-0, 265
-0, 218
-0, 228
-0, 322
-0, 244
-0, 175
15.9454, 303.979
fffffffffffffffffffffff
18, 314
18, 315
18, 316
f_best_line
18, 315
                       
ooooooooooooooooooooooo
19, 317.772
ccccccccccccccccccccccc
19, 318
20, 321
20, 323
18, 312
17, 310
21, 327
17, 305
17, 308
16, 297
16, 300
16, 302
22, 333
22, 313
22, 338
22, 335
15, 323
15, 294
PPPPPPPPPPPPPPPPPPPPPPP
19.0185, 317.659
-0, 206
-0, 198
-0, 268
-0, 196
-0, 280
-0, 179
-0, 183
-0, 288
nan, nan
nan, nan
-0, 306
-0, 307
-0, 250
-0, 298
-0, 233
-0, 320
-0, 242
-0, 191
-0, 258
-0, 246
-0, 174
-0, 274
-0, 270
-0, 255
-0, 330
18.4349, 318.125
-0, 331
-0, 224
-0, 291
-0, 192
-0, 232
-0, 166
-0, 221
-0, 318
18.4349, 315.279
-0, 182
-0, 217
-0, 201
-0, 200
-0, 273
-0, 278
-0, 239
-0, 181
-0, 226
-0, 248
-0, 309
-0, 271
-0, 304
-0, 197
-0, 223
-0, 294
-0, 231
18.4349, 313.698
-0, 204
-0, 325
-0, 297
-0, 222
-0, 216
-0, 262
-0, 205
fffffffffffffffffffffff
19, 317
19, 318
f_best_line
19, 318
                       
ooooooooooooooooooooooo
20, 320.428
ccccccccccccccccccccccc
20, 320
21, 324
19, 316
18, 310
18, 312
18, 308
22, 328
22, 333
22, 318
17, 303
17, 305
23, 336
23, 339
17, 300
17, 324
23, 316
16, 299
16, 296
PPPPPPPPPPPPPPPPPPPPPPP
20.0384, 320.357
18.4349, 311.484
-0, 312
-0, 302
-0, 296
26.5651, 319.311
-0, 176
-0, 231
-0, 331
-0, 237
18.4349, 313.382
-0, 308
-0, 211
18.4349, 316.544
-0, 181
18.4349, 316.228
-0, 185
18.4349, 319.39
-0, 324
18.4349, 323.817
-0, 306
18.4349, 314.014
18.4349, 310.536
-0, 249
18.4349, 314.647
-0, 311
18.4349, 314.963
18.4349, 313.065
-0, 188
18.4349, 318.125
-0, 328
-0, 217
14.0362, 321.602
-0, 230
18.4349, 312.117
-0, 292
18.4349, 322.869
-0, 277
-0, 341
18.4349, 319.706
18.4349, 318.758
-0, 333
fffffffffffffffffffffff
20, 320
20, 321
f_best_line
20, 320
                       
ooooooooooooooooooooooo
21, 322.987
ccccccccccccccccccccccc
21, 323
22, 325
22, 327
20, 317
19, 310
19, 314
23, 320
23, 333
18, 305
18, 308
24, 337
24, 340
18, 303
24, 343
PPPPPPPPPPPPPPPPPPPPPPP
20.9451, 323.137
18.4349, 318.758
-0, 254
18.4349, 305.792
-0, 206
18.4349, 306.108
-0, 276
18.4349, 317.176
18.4349, 322.869
-0, 214
18.4349, 306.741
18.4349, 310.852
18.4349, 313.698
-0, 310
18.4349, 314.647
18.4349, 322.552
-0, 218
18.4349, 304.844
-0, 324
-0, 154
18.4349, 316.544
18.4349, 320.022
18.4349, 314.33
18.4349, 326.031
18.4349, 312.749
18.4349, 325.398
-0, 319
18.4349, 325.715
18.4349, 320.339
-0, 198
18.4349, 324.45
-0, 302
18.4349, 320.971
18.4349, 314.014
-0, 175
-0, 224
18.4349, 313.382
18.4349, 308.322
18.4349, 315.279
18.4349, 307.69
18.4349, 309.903
fffffffffffffffffffffff
21, 322
21, 323
21, 324
f_best_line
21, 323
                       
ooooooooooooooooooooooo
22, 325.448
ccccccccccccccccccccccc
22, 325
21, 320
23, 327
23, 329
23, 331
21, 323
24, 335
20, 314
20, 316
20, 318
24, 323
24, 333
24, 338
19, 306
19, 308
25, 320
25, 342
18, 304
26, 317
26, 348
26, 350
PPPPPPPPPPPPPPPPPPPPPPP
18.4349, 320.655
21.9564, 325.541
22.0285, 325.282
fffffffffffffffffffffff
22, 325
22, 326
f_best_line
22, 325
                       
ooooooooooooooooooooooo
23, 327.809
ccccccccccccccccccccccc
23, 328
22, 323
22, 325
24, 330
24, 332
21, 316
21, 319
21, 331
25, 325
25, 335
25, 339
26, 346
26, 323
20, 308
20, 312
26, 343
PPPPPPPPPPPPPPPPPPPPPPP
23.0182, 327.656
18.4349, 299.151
18.4349, 321.92
21.8014, 329.981
nan, nan
18.4349, 306.425
18.4349, 312.749
-0, 234
-0, 240
-0, 178
nan, nan
-0, 268
18.4349, 324.766
fffffffffffffffffffffff
23, 327
23, 328
23, 329
f_best_line
23, 328
                       
ooooooooooooooooooooooo
24, 330.071
ccccccccccccccccccccccc
PPPPPPPPPPPPPPPPPPPPPPP
23.9838, 329.831
18.4349, 322.869
-0, 308
nan, nan
-0, 211
nan, nan
-0, 291
nan, nan
-0, 235
nan, nan
-0, 272
nan, nan
nan, nan
18.4349, 325.715
nan, nan
nan, nan
18.4349, 312.117
nan, nan
18.4349, 341.21
-0, 344
-0, 215
nan, nan
-0, 336
nan, nan
nan, nan
-0, 267
18.4349, 297.57
-0, 295
18.4349, 293.776
nan, nan
18.4349, 338.364
nan, nan
-0, 312
nan, nan
nan, nan
-0, 332
nan, nan
nan, nan
nan, nan
-0, 279
nan, nan
nan, nan
-0, 227
-0, 226
-0, 171
nan, nan
-0, 354
nan, nan
-0, 178
-0, 338
nan, nan
nan, nan
nan, nan
18.4349, 294.724
nan, nan
nan, nan
-0, 228
-0, 283
-0, 271
nan, nan
18.4349, 290.93
nan, nan
nan, nan
nan, nan
-0, 220
nan, nan
-0, 261
-0, 186
nan, nan
nan, nan
nan, nan
nan, nan
-0, 356
-0, 273
nan, nan
nan, nan
-0, 350
nan, nan
nan, nan
nan, nan
-0, 297
nan, nan
-0, 165
-0, 145
-0, 249
nan, nan
nan, nan
18.4349, 312.433
-0, 333
nan, nan
nan, nan
nan, nan
nan, nan
-0, 174
nan, nan
nan, nan
-0, 206
-0, 190
nan, nan
-0, 259
-0, 172
-0, 192
-0, 180
-0, 289
nan, nan
nan, nan
-0, 196
nan, nan
-0, 268
nan, nan
18.4349, 327.928
-0, 149
-0, 212
nan, nan
-0, 346
18.4349, 304.527
nan, nan
nan, nan
nan, nan
nan, nan
-0, 334
nan, nan
nan, nan
-0, 202
nan, nan
nan, nan
nan, nan
nan, nan
nan, nan
nan, nan
nan, nan
nan, nan
nan, nan
nan, nan
nan, nan
nan, nan
nan, nan
nan, nan
nan, nan
-0, 265
nan, nan
18.4349, 295.673
-0, 218
nan, nan
nan, nan
nan, nan
nan, nan
nan, nan
nan, nan
nan, nan
nan, nan
nan, nan
nan, nan
nan, nan
fffffffffffffffffffffff
24, 329
24, 330
24, 331
f_best_line
24, 330
                       
ooooooooooooooooooooooo
25, 332.232
ccccccccccccccccccccccc
PPPPPPPPPPPPPPPPPPPPPPP
24.9351, 331.884
21.8014, 335.923
18.4349, 309.587
24.444, 331.622
24.7751, 333.221
24.444, 333.608
23.1986, 325.377
24.7751, 332.593
23.1986, 323.802
23.9625, 327.043
21.8014, 317.539
23.1986, 328.003
21.8014, 311.968
26.5651, 340.777
24.444, 332.118
24.444, 329.801
23.9625, 333.541
26.5651, 339.435
24.7751, 332.732
24.7751, 332.802
fffffffffffffffffffffff
25, 332
25, 333
f_best_line
25, 332
                       
ooooooooooooooooooooooo
26, 334.291
ccccccccccccccccccccccc
26, 334
25, 331
27, 336
27, 338
25, 329
27, 340
24, 323
28, 344
24, 326
28, 331
28, 342
23, 317
29, 327
23, 315
23, 341
29, 348
29, 353
23, 319
29, 351
22, 311
22, 308
PPPPPPPPPPPPPPPPPPPPPPP
25.9649, 333.552
25.9423, 334.564
25.7693, 335.223
26.5651, 337.199
-0, 231
25.9065, 334.823
nan, nan
25.5815, 334.046
25.8664, 334.186
fffffffffffffffffffffff
26, 334
26, 335
f_best_line
26, 334
                       
ooooooooooooooooooooooo
27, 336.249
ccccccccccccccccccccccc
PPPPPPPPPPPPPPPPPPPPPPP
26.9769, 335.978
27.0956, 336.617
29.7449, 353.623
28.0725, 343.235
27.4076, 338.103
29.0546, 347.332
26.5651, 335.857
27.4744, 336.858
27.1811, 336.641
27.2996, 337.447
fffffffffffffffffffffff
27, 336
27, 337
f_best_line
27, 336
                       
ooooooooooooooooooooooo
28, 338.105
ccccccccccccccccccccccc
PPPPPPPPPPPPPPPPPPPPPPP
27.9711, 337.376
28.0187, 338.993
fffffffffffffffffffffff
28, 337
28, 338
28, 339
f_best_line
28, 338
                       
ooooooooooooooooooooooo
29, 339.857
ccccccccccccccccccccccc
PPPPPPPPPPPPPPPPPPPPPPP
29.0351, 340.111
28.996, 339.366
26.5651, 339.882
26.5651, 336.305
26.5651, 331.832
26.5651, 328.702
26.5651, 333.621
26.5651, 345.249
fffffffffffffffffffffff
29, 339
29, 340
29, 341
f_best_line
29, 340
                       
ooooooooooooooooooooooo
30, 341.506
ccccccccccccccccccccccc
30, 342
31, 346
31, 344
29, 337
32, 338
32, 351
32, 336
32, 349
32, 353
28, 333
28, 331
28, 346
27, 323
27, 348
27, 328
33, 357
27, 326
27, 350
33, 334
33, 355
33, 332
33, 359
34, 361
PPPPPPPPPPPPPPPPPPPPPPP
29.9916, 341.243
fffffffffffffffffffffff
30, 341
30, 342
f_best_line
30, 342
                       
ooooooooooooooooooooooo
31, 343.051
ccccccccccccccccccccccc
30, 344
30, 342
31, 345
31, 342
31, 346
30, 345
32, 345
29, 344
30, 340
29, 337
29, 346
32, 342
32, 349
29, 339
29, 345
32, 344
32, 348
32, 341
29, 340
29, 342
32, 343
32, 340
29, 338
29, 343
29, 341
32, 350
29, 336
31, 347
32, 346
31, 341
29, 347
32, 339
32, 351
29, 335
30, 339
33, 351
33, 350
28, 347
28, 343
28, 333
33, 356
28, 345
33, 344
33, 342
33, 339
28, 346
33, 345
28, 336
28, 335
33, 355
33, 348
28, 344
33, 340
33, 338
28, 334
28, 332
28, 331
33, 353
28, 348
28, 341
28, 338
33, 341
33, 336
32, 352
33, 349
33, 346
28, 340
28, 339
33, 354
33, 352
28, 349
33, 343
33, 337
28, 337
29, 348
33, 347
28, 342
28, 350
32, 338
29, 334
32, 353
34, 352
31, 348
33, 335
27, 331
28, 329
27, 324
34, 358
33, 357
34, 354
34, 345
34, 339
27, 332
27, 327
34, 360
34, 350
27, 349
27, 346
27, 344
27, 343
34, 335
27, 329
34, 362
34, 361
34, 356
34, 355
27, 351
27, 348
27, 347
34, 342
27, 342
34, 337
27, 337
34, 334
27, 328
27, 352
34, 349
27, 345
34, 344
34, 343
34, 341
34, 340
27, 339
34, 338
29, 333
27, 330
34, 346
30, 346
27, 335
27, 334
34, 333
27, 326
27, 325
33, 358
34, 353
28, 351
27, 350
26, 345
27, 341
27, 340
30, 338
34, 336
27, 333
PPPPPPPPPPPPPPPPPPPPPPP
31.0144, 342.815
31.0144, 343.672
fffffffffffffffffffffff
31, 342
31, 343
31, 344
f_best_line
31, 343
                       
ooooooooooooooooooooooo
32, 344.492
ccccccccccccccccccccccc
32, 344
33, 347
33, 349
31, 346
33, 342
31, 340
30, 335
30, 349
34, 339
30, 333
35, 361
29, 326
29, 353
35, 335
PPPPPPPPPPPPPPPPPPPPPPP
32.0157, 345.096
32.0365, 343.853
fffffffffffffffffffffff
32, 344
32, 345
f_best_line
32, 344
                       
ooooooooooooooooooooooo
33, 345.827
ccccccccccccccccccccccc
33, 346
32, 342
32, 344
34, 349
34, 343
34, 351
35, 356
31, 336
31, 350
31, 334
35, 340
30, 333
36, 362
36, 337
30, 327
30, 356
PPPPPPPPPPPPPPPPPPPPPPP
32.9956, 346.388
33.0198, 345.161
fffffffffffffffffffffff
33, 345
33, 346
33, 347
f_best_line
33, 346
                       
ooooooooooooooooooooooo
34, 347.058
ccccccccccccccccccccccc
34, 347
35, 350
33, 342
33, 345
35, 345
32, 337
32, 339
32, 352
36, 342
36, 358
36, 340
36, 356
32, 354
32, 335
31, 332
31, 356
37, 338
37, 361
31, 329
30, 323
PPPPPPPPPPPPPPPPPPPPPPP
34.0332, 347.231
34.1597, 346.86
34.1597, 346.003
34.0412, 346.738
fffffffffffffffffffffff
34, 346
34, 347
34, 348
f_best_line
34, 347
                       
ooooooooooooooooooooooo
35, 348.182
ccccccccccccccccccccccc
35, 348
36, 351
34, 344
37, 342
33, 353
37, 358
33, 337
33, 339
32, 330
32, 332
32, 335
32, 359
38, 339
38, 362
38, 364
38, 336
PPPPPPPPPPPPPPPPPPPPPPP
35.0459, 347.944
35.0229, 348.861
45, 381.131
45, 389.616
45, 383.252
45, 303.349
45, 393.858
45, 404.465
45, 376.888
45, 309.713
45, 391.737
45, 400.222
45, 345.068
45, 313.955
45, 364.16
45, 370.524
45, 368.403
45, 349.311
fffffffffffffffffffffff
35, 347
35, 348
35, 349
f_best_line
35, 348
                       
ooooooooooooooooooooooo
36, 349.201
ccccccccccccccccccccccc
36, 349
35, 352
37, 353
37, 347
35, 345
34, 339
38, 342
34, 354
38, 356
33, 333
33, 359
39, 337
39, 362
39, 365
32, 328
32, 330
PPPPPPPPPPPPPPPPPPPPPPP
35.959, 348.867
36.0137, 349.435
fffffffffffffffffffffff
36, 348
36, 349
36, 350
f_best_line
36, 349
                       
ooooooooooooooooooooooo
37, 350.113
ccccccccccccccccccccccc
37, 350
36, 346
38, 347
38, 352
38, 355
35, 341
35, 356
39, 342
39, 345
39, 358
39, 360
40, 339
34, 335
40, 366
34, 362
34, 332
41, 334
41, 371
PPPPPPPPPPPPPPPPPPPPPPP
36.9983, 349.81
37.6942, 349.388
37.1083, 350.808
37.0355, 349.443
37.5686, 349.425
38.1572, 347.272
37.1467, 351.3
fffffffffffffffffffffff
37, 349
37, 350
37, 351
f_best_line
37, 350
                       
ooooooooooooooooooooooo
38, 350.918
ccccccccccccccccccccccc
38, 351
37, 354
37, 348
39, 349
39, 353
37, 346
36, 340
36, 357
36, 342
40, 345
40, 358
36, 359
40, 343
35, 336
35, 362
41, 366
35, 334
35, 360
41, 338
PPPPPPPPPPPPPPPPPPPPPPP
38.0099, 351.405
38.6598, 353.421
45, 369.11
38.0208, 350.565
45, 352.846
45, 330.926
45, 373.352
45, 321.026
45, 323.855
45, 337.997
45, 388.202
45, 360.624
45, 328.805
45, 328.098
fffffffffffffffffffffff
38, 350
38, 351
38, 352
f_best_line
38, 351
                       
ooooooooooooooooooooooo
39, 351.617
ccccccccccccccccccccccc
39, 352
38, 349
40, 348
40, 356
38, 355
38, 347
37, 344
37, 359
41, 344
37, 341
41, 346
41, 359
41, 361
36, 335
36, 339
36, 362
36, 364
42, 339
42, 341
42, 364
42, 367
36, 337
PPPPPPPPPPPPPPPPPPPPPPP
38.9943, 352.075
45, 341.533
38.991, 351.13
39.0493, 351.641
fffffffffffffffffffffff
39, 351
39, 352
f_best_line
39, 352
                       
ooooooooooooooooooooooo
40, 352.208
ccccccccccccccccccccccc
40, 352
39, 348
41, 355
39, 350
39, 356
41, 357
42, 343
42, 362
38, 343
42, 346
42, 360
38, 360
38, 341
37, 364
37, 336
43, 339
43, 365
43, 369
45, 327
45, 330
45, 334
45, 337
45, 344
45, 354
45, 363
45, 373
45, 380
45, 332
45, 339
45, 342
45, 346
45, 349
45, 351
45, 356
45, 359
45, 361
45, 366
45, 368
45, 371
45, 375
45, 378
PPPPPPPPPPPPPPPPPPPPPPP
40.0195, 351.514
40.2058, 352.225
39.9575, 352.662
fffffffffffffffffffffff
40, 351
40, 352
40, 353
f_best_line
40, 352
                       
ooooooooooooooooooooooo
41, 352.692
ccccccccccccccccccccccc
41, 353
42, 351
40, 350
40, 348
39, 345
39, 359
43, 345
43, 359
43, 361
39, 342
43, 343
45, 337
45, 339
45, 342
45, 344
45, 349
45, 351
45, 354
45, 356
45, 363
45, 366
45, 368
45, 332
45, 334
45, 346
45, 359
45, 361
45, 371
45, 373
45, 375
38, 339
38, 363
38, 365
44, 340
38, 336
37, 332
37, 369
PPPPPPPPPPPPPPPPPPPPPPP
41.0148, 353.125
41.0148, 352.37
fffffffffffffffffffffff
41, 352
41, 353
f_best_line
41, 353
                       
ooooooooooooooooooooooo
42, 353.069
ccccccccccccccccccccccc
42, 353
43, 350
43, 356
41, 357
41, 348
40, 342
40, 361
44, 344
44, 363
45, 339
45, 342
45, 366
45, 368
45, 337
39, 336
39, 338
39, 365
39, 368
45, 371
PPPPPPPPPPPPPPPPPPPPPPP
41.9809, 353.1
45, 367.696
45, 340.825
45, 354.26
45, 355.675
42.022, 353.443
45, 352.846
45, 339.411
45, 359.917
45, 351.432
45, 349.311
45, 343.654
45, 368.403
45, 357.796
45, 363.453
45, 346.482
45, 352.139
45, 347.897
45, 361.332
45, 364.867
45, 347.189
45, 344.361
45, 362.746
45, 350.018
45, 356.382
45, 340.825
fffffffffffffffffffffff
42, 352
42, 353
42, 354
f_best_line
42, 353
                       
ooooooooooooooooooooooo
43, 353.338
ccccccccccccccccccccccc
43, 353
42, 352
42, 349
42, 355
42, 357
44, 351
44, 356
45, 346
45, 361
45, 344
45, 363
41, 343
41, 347
41, 361
41, 345
45, 342
40, 367
40, 337
46, 340
46, 367
46, 337
46, 369
47, 371
47, 333
47, 374
PPPPPPPPPPPPPPPPPPPPPPP
42.98, 353.359
45, 354.968
45, 365.574
45, 357.089
45, 359.21
45, 357.796
45, 352.139
45, 362.746
45, 342.24
fffffffffffffffffffffff
43, 353
43, 354
f_best_line
43, 353
                       
ooooooooooooooooooooooo
44, 353.5
ccccccccccccccccccccccc
44, 353
45, 349
45, 351
45, 356
45, 359
43, 352
43, 349
43, 357
46, 343
46, 347
46, 360
46, 364
42, 343
42, 363
42, 346
42, 361
41, 339
47, 367
41, 337
41, 341
47, 337
47, 340
47, 369
41, 366
41, 369
40, 331
40, 334
48, 376
40, 371
40, 373
48, 330
48, 333
48, 373
PPPPPPPPPPPPPPPPPPPPPPP
44.0072, 353.153
44.0052, 353.86
45, 353.553
45, 352.846
fffffffffffffffffffffff
45, 349
45, 351
44, 353
44, 354
45, 354
45, 356
f_best_line
44, 353
                       
ooooooooooooooooooooooo
45, 353.553
ccccccccccccccccccccccc
45, 354
44, 350
44, 352
44, 355
44, 357
46, 350
46, 352
46, 355
46, 357
43, 345
47, 345
43, 363
47, 363
42, 336
42, 338
42, 340
42, 366
48, 336
48, 338
48, 340
48, 366
42, 368
48, 368
48, 370
41, 330
41, 333
41, 335
41, 374
49, 330
49, 333
49, 335
49, 374
PPPPPPPPPPPPPPPPPPPPPPP
45, 353.553
45, 352.846
fffffffffffffffffffffff
45, 353
45, 354
f_best_line
45, 354
                       
ooooooooooooooooooooooo
46, 353.5
ccccccccccccccccccccccc
46, 353
45, 349
45, 351
45, 356
45, 359
47, 352
47, 349
47, 357
44, 343
44, 347
44, 360
44, 364
48, 343
48, 363
48, 346
48, 361
43, 367
49, 339
49, 337
43, 337
43, 340
43, 365
43, 369
49, 341
49, 366
49, 369
42, 376
50, 331
50, 334
50, 371
50, 373
42, 330
42, 333
42, 373
PPPPPPPPPPPPPPPPPPPPPPP
46.0523, 353.507
45, 348.604
45, 347.189
45, 353.553
45, 347.189
45, 354.968
45, 352.139
45, 357.796
45, 352.139
45, 357.089
45, 347.897
fffffffffffffffffffffff
45, 349
45, 351
46, 353
45, 354
46, 354
45, 356
f_best_line
46, 353
                       
ooooooooooooooooooooooo
47, 353.338
ccccccccccccccccccccccc
47, 353
48, 352
48, 349
48, 355
48, 357
46, 350
46, 356
45, 346
45, 361
45, 344
45, 359
45, 363
49, 343
49, 347
49, 361
49, 345
45, 342
50, 367
44, 340
44, 367
50, 337
44, 337
44, 369
43, 371
43, 333
43, 374
PPPPPPPPPPPPPPPPPPPPPPP
47.02, 352.627
47.02, 354.09
fffffffffffffffffffffff
47, 353
47, 354
f_best_line
47, 353
                       
ooooooooooooooooooooooo
48, 353.069
ccccccccccccccccccccccc
48, 353
47, 350
47, 356
49, 357
49, 348
50, 342
50, 361
46, 344
46, 363
45, 339
45, 342
45, 366
45, 368
45, 337
51, 336
51, 338
51, 365
51, 368
45, 371
PPPPPPPPPPPPPPPPPPPPPPP
48.0191, 352.357
47.9557, 353.491
fffffffffffffffffffffff
48, 352
48, 353
48, 354
f_best_line
48, 353
                       
ooooooooooooooooooooooo
49, 352.692
ccccccccccccccccccccccc
49, 353
48, 351
50, 350
50, 348
47, 345
47, 359
47, 361
51, 345
51, 359
47, 343
51, 342
45, 337
45, 339
45, 342
45, 344
45, 349
45, 351
45, 354
45, 356
45, 363
45, 366
45, 368
45, 332
45, 334
45, 346
45, 359
45, 361
45, 371
45, 373
45, 375
46, 340
52, 339
52, 363
52, 365
52, 336
53, 332
53, 369
PPPPPPPPPPPPPPPPPPPPPPP
49.0507, 352.72
45, 337.29
48.0128, 349.571
45, 352.846
45, 368.403
45, 365.574
48.0128, 357.45
49.0856, 351.748
48.0128, 346.97
45, 347.189
48.0128, 354.997
45, 355.675
48.0128, 348.01
45, 333.047
45, 349.311
45, 347.189
fffffffffffffffffffffff
49, 352
49, 353
f_best_line
49, 353
                       
ooooooooooooooooooooooo
50, 352.208
ccccccccccccccccccccccc
50, 352
51, 348
49, 355
51, 350
51, 356
49, 357
48, 343
48, 362
48, 346
48, 360
52, 343
52, 360
52, 341
53, 364
53, 336
47, 339
47, 365
47, 369
45, 327
45, 330
45, 334
45, 337
45, 344
45, 354
45, 363
45, 373
45, 380
45, 332
45, 339
45, 342
45, 346
45, 349
45, 351
45, 356
45, 359
45, 361
45, 366
45, 368
45, 371
45, 375
45, 378
PPPPPPPPPPPPPPPPPPPPPPP
49.9805, 351.514
45, 328.805
50.027, 352.758
fffffffffffffffffffffff
50, 351
50, 352
50, 353
f_best_line
50, 352
                       
ooooooooooooooooooooooo
51, 351.617
ccccccccccccccccccccccc
51, 352
52, 349
50, 348
50, 356
52, 355
52, 347
49, 344
53, 344
53, 359
49, 346
49, 359
49, 361
53, 341
54, 335
48, 339
48, 341
48, 364
48, 367
54, 339
54, 362
54, 364
54, 337
PPPPPPPPPPPPPPPPPPPPPPP
51.0057, 351.298
51.0057, 352.075
fffffffffffffffffffffff
51, 351
51, 352
f_best_line
51, 352
                       
ooooooooooooooooooooooo
52, 350.918
ccccccccccccccccccccccc
52, 351
53, 354
51, 349
51, 353
53, 348
53, 346
54, 340
54, 357
50, 345
50, 358
54, 342
50, 343
54, 359
55, 336
49, 366
55, 362
49, 338
55, 334
55, 360
PPPPPPPPPPPPPPPPPPPPPPP
51.9901, 350.618
51.9566, 350.286
45, 357.796
52.3058, 350.935
50.1944, 355.686
45, 323.148
45, 372.645
51.5819, 349.845
45, 336.583
51.8182, 352.48
fffffffffffffffffffffff
52, 350
52, 351
52, 352
f_best_line
52, 351
                       
ooooooooooooooooooooooo
53, 350.113
ccccccccccccccccccccccc
53, 350
52, 347
54, 346
52, 352
52, 355
55, 341
55, 356
51, 342
51, 345
51, 358
51, 360
50, 339
50, 366
56, 335
56, 362
56, 332
49, 334
49, 371
PPPPPPPPPPPPPPPPPPPPPPP
53.0017, 350.609
52.9645, 349.443
fffffffffffffffffffffff
53, 349
53, 350
53, 351
f_best_line
53, 350
                       
ooooooooooooooooooooooo
54, 349.201
ccccccccccccccccccccccc
54, 349
55, 352
53, 353
53, 347
55, 345
52, 342
56, 339
52, 356
56, 354
57, 333
57, 359
51, 337
51, 362
51, 365
58, 328
58, 330
PPPPPPPPPPPPPPPPPPPPPPP
53.9658, 349.344
53.1301, 352.6
53.9306, 349.746
53.1301, 350.8
54.1623, 349.898
53.1301, 352.2
45, 347.189
53.1301, 349.4
53.1301, 350.4
53.1301, 348.2
53.1301, 351.6
53.1301, 349.2
53.1301, 350.6
53.1301, 355
53.1301, 352.8
54.0276, 349.853
53.1301, 349.8
53.1301, 344.8
fffffffffffffffffffffff
54, 348
54, 349
54, 350
f_best_line
54, 349
                       
ooooooooooooooooooooooo
55, 348.182
ccccccccccccccccccccccc
55, 348
54, 351
56, 344
53, 342
53, 358
57, 353
57, 337
57, 339
58, 330
58, 332
58, 335
58, 359
52, 339
52, 362
52, 364
52, 336
PPPPPPPPPPPPPPPPPPPPPPP
55.0311, 348.272
55.0311, 347.452
fffffffffffffffffffffff
55, 347
55, 348
55, 349
f_best_line
55, 348
                       
ooooooooooooooooooooooo
56, 347.058
ccccccccccccccccccccccc
56, 347
55, 350
57, 342
57, 345
55, 345
58, 337
58, 339
58, 352
54, 342
54, 358
54, 340
54, 356
58, 354
58, 335
59, 332
53, 338
53, 361
59, 356
59, 329
60, 323
PPPPPPPPPPPPPPPPPPPPPPP
55.9668, 347.231
55.6197, 348.627
56.3099, 345.856
55.9807, 346.417
55.9541, 348.052
55.9541, 347.895
56.0082, 346.571
55.9807, 347.743
55.8403, 347.244
54.4623, 343.396
55.7131, 349.306
fffffffffffffffffffffff
56, 346
56, 347
56, 348
f_best_line
56, 347
                       
ooooooooooooooooooooooo
57, 345.827
ccccccccccccccccccccccc
57, 346
58, 342
58, 344
56, 349
56, 343
56, 351
55, 356
59, 336
59, 350
59, 334
55, 340
54, 362
60, 333
54, 337
60, 327
60, 356
PPPPPPPPPPPPPPPPPPPPPPP
57.0044, 346.388
57.2648, 343.742
57.0048, 345.551
fffffffffffffffffffffff
57, 345
57, 346
57, 347
f_best_line
57, 346
                       
ooooooooooooooooooooooo
58, 344.492
ccccccccccccccccccccccc
58, 344
57, 347
57, 349
57, 342
59, 346
59, 340
56, 339
60, 335
60, 349
60, 333
55, 361
61, 326
61, 353
55, 335
PPPPPPPPPPPPPPPPPPPPPPP
58.0153, 344.046
57.9843, 345.096
fffffffffffffffffffffff
58, 344
58, 345
f_best_line
58, 344
                       
ooooooooooooooooooooooo
59, 343.051
ccccccccccccccccccccccc
59, 344
59, 342
58, 345
58, 342
59, 341
58, 346
59, 345
57, 345
60, 344
59, 340
60, 337
60, 346
57, 342
57, 349
60, 339
60, 345
57, 344
57, 348
57, 341
60, 340
57, 343
60, 342
57, 340
60, 338
60, 343
60, 341
57, 350
60, 336
58, 347
58, 341
57, 346
60, 347
57, 339
57, 351
60, 335
59, 339
56, 351
56, 350
61, 347
61, 343
61, 333
56, 356
61, 345
56, 344
56, 342
56, 339
61, 346
56, 345
61, 336
61, 335
56, 355
56, 348
61, 344
56, 340
61, 338
56, 338
61, 334
61, 332
61, 331
56, 353
61, 348
61, 341
56, 346
56, 341
56, 336
57, 352
56, 349
61, 339
56, 354
56, 352
61, 349
56, 343
61, 340
61, 337
56, 337
60, 348
61, 342
61, 350
56, 347
57, 338
60, 334
57, 353
55, 352
58, 348
56, 335
62, 331
61, 329
62, 324
55, 358
56, 357
55, 354
55, 345
55, 339
62, 332
62, 327
55, 360
55, 350
62, 349
62, 346
62, 344
62, 343
55, 335
62, 329
55, 362
55, 361
55, 356
55, 355
62, 351
62, 348
62, 347
62, 342
55, 342
62, 337
55, 337
55, 334
62, 328
62, 352
55, 349
62, 345
55, 344
55, 343
55, 341
55, 340
62, 339
55, 338
60, 333
62, 330
59, 346
55, 346
62, 335
62, 334
55, 333
62, 326
62, 325
56, 358
55, 353
61, 351
62, 350
55, 347
63, 345
62, 341
62, 340
59, 338
55, 336
62, 333
PPPPPPPPPPPPPPPPPPPPPPP
58.9856, 342.815
58.9856, 343.672
fffffffffffffffffffffff
59, 342
59, 343
59, 344
f_best_line
59, 343
                       
ooooooooooooooooooooooo
60, 341.506
ccccccccccccccccccccccc
60, 342
59, 346
59, 344
61, 337
58, 338
58, 351
58, 336
58, 349
58, 353
62, 333
62, 331
62, 346
63, 323
63, 348
63, 328
57, 357
57, 334
57, 355
63, 326
63, 350
57, 332
57, 359
56, 361
PPPPPPPPPPPPPPPPPPPPPPP
60.0084, 342.109
59.9951, 340.831
fffffffffffffffffffffff
60, 341
60, 342
f_best_line
60, 342
                       
ooooooooooooooooooooooo
61, 339.857
ccccccccccccccccccccccc
60, 341
61, 341
60, 339
60, 342
61, 338
60, 343
61, 337
59, 341
62, 335
62, 342
59, 346
59, 342
59, 343
62, 339
59, 339
59, 345
62, 340
62, 338
62, 343
62, 337
59, 338
62, 334
62, 341
59, 340
59, 347
62, 333
59, 337
60, 338
61, 342
59, 336
60, 344
59, 348
61, 336
58, 343
62, 332
58, 333
58, 349
63, 334
63, 345
62, 344
63, 330
63, 344
58, 347
58, 345
63, 341
58, 338
63, 336
58, 340
63, 331
63, 329
58, 353
58, 351
63, 338
58, 335
63, 333
58, 352
58, 342
63, 340
58, 350
58, 348
63, 343
63, 342
63, 339
58, 339
59, 349
57, 345
58, 341
63, 337
58, 336
58, 337
63, 332
58, 344
63, 335
58, 346
58, 334
63, 326
58, 354
64, 325
64, 348
63, 346
64, 337
59, 335
64, 332
57, 354
63, 347
64, 346
60, 340
64, 335
64, 331
64, 329
57, 358
57, 356
57, 352
57, 351
57, 350
64, 347
60, 345
64, 344
64, 342
64, 340
57, 340
57, 339
61, 335
64, 334
64, 328
63, 325
57, 360
57, 357
59, 350
57, 348
57, 347
57, 341
64, 339
57, 338
57, 337
57, 335
57, 333
57, 332
62, 330
57, 329
64, 326
64, 322
58, 355
57, 353
64, 345
57, 343
57, 342
64, 341
57, 334
64, 327
64, 324
64, 321
57, 355
64, 343
64, 338
64, 336
57, 336
57, 330
64, 319
PPPPPPPPPPPPPPPPPPPPPPP
61.0527, 340.401
60.9649, 339.237
fffffffffffffffffffffff
61, 339
61, 340
61, 341
f_best_line
61, 340
                       
ooooooooooooooooooooooo
62, 338.105
ccccccccccccccccccccccc
62, 337
61, 340
62, 336
61, 337
61, 341
62, 335
63, 334
63, 340
60, 337
60, 344
60, 340
60, 343
60, 339
63, 336
63, 333
60, 341
60, 338
60, 336
63, 339
63, 338
63, 337
63, 332
60, 342
63, 341
62, 340
60, 345
63, 335
63, 331
61, 342
60, 335
60, 346
63, 330
63, 342
62, 334
64, 332
59, 349
64, 337
59, 337
60, 334
64, 328
59, 335
59, 333
64, 344
64, 342
59, 342
59, 341
64, 331
59, 346
64, 341
64, 340
59, 340
64, 329
59, 351
59, 348
59, 345
59, 344
59, 339
64, 336
61, 336
64, 335
64, 334
64, 330
59, 347
59, 343
64, 339
64, 338
59, 338
59, 334
64, 327
59, 332
59, 352
58, 343
61, 343
59, 336
59, 350
64, 343
64, 333
64, 345
64, 324
60, 348
58, 337
58, 354
65, 340
65, 333
58, 352
58, 347
65, 346
58, 345
65, 343
58, 340
58, 334
58, 332
65, 328
65, 327
65, 323
58, 351
57, 345
65, 339
65, 337
58, 335
59, 331
65, 330
65, 325
65, 320
58, 358
58, 357
59, 353
58, 353
58, 349
65, 345
58, 339
65, 336
58, 331
58, 330
65, 329
65, 326
65, 324
64, 323
65, 319
58, 350
65, 342
65, 338
58, 336
65, 318
58, 356
58, 355
58, 348
65, 344
65, 341
65, 335
65, 334
65, 332
65, 331
58, 329
63, 328
65, 322
65, 321
PPPPPPPPPPPPPPPPPPPPPPP
61.9394, 337.979
61.9394, 338.861
63.4349, 338.988
62.4027, 335.678
62.6501, 335.777
62.6501, 336.788
62.6501, 335.164
fffffffffffffffffffffff
62, 337
62, 338
62, 339
f_best_line
62, 338
                       
ooooooooooooooooooooooo
63, 336.249
ccccccccccccccccccccccc
62, 336
63, 337
63, 335
62, 338
62, 339
62, 335
63, 338
64, 332
64, 336
64, 334
61, 339
61, 336
61, 342
64, 337
63, 333
61, 340
61, 338
64, 338
61, 337
64, 331
61, 335
64, 330
61, 341
61, 334
61, 343
64, 339
64, 333
62, 340
64, 329
64, 335
61, 333
61, 344
64, 328
61, 345
65, 333
65, 340
64, 340
60, 341
60, 337
63, 332
60, 334
60, 343
60, 339
65, 338
65, 336
65, 335
65, 326
60, 347
60, 346
60, 344
60, 335
65, 330
65, 329
65, 325
60, 349
60, 340
65, 339
60, 333
65, 328
64, 327
65, 341
60, 336
65, 331
65, 327
60, 350
60, 348
60, 342
60, 338
60, 331
60, 345
60, 332
65, 322
65, 337
65, 332
65, 334
61, 332
60, 330
65, 342
61, 346
65, 321
65, 343
59, 340
66, 332
66, 324
59, 346
59, 337
66, 334
59, 334
66, 319
66, 316
59, 354
59, 353
59, 348
66, 343
59, 343
58, 343
66, 341
66, 340
66, 338
59, 336
66, 335
59, 333
59, 330
66, 328
59, 328
66, 327
66, 318
60, 351
59, 351
59, 350
59, 345
59, 344
66, 342
59, 342
59, 338
66, 337
59, 331
66, 330
66, 321
59, 356
59, 347
62, 334
59, 332
66, 331
66, 329
64, 326
66, 325
66, 323
66, 322
66, 317
59, 355
59, 352
59, 349
66, 344
59, 341
66, 339
62, 337
66, 326
66, 320
PPPPPPPPPPPPPPPPPPPPPPP
63.0231, 335.978
63.0231, 336.87
fffffffffffffffffffffff
63, 336
63, 337
f_best_line
63, 336
                       
ooooooooooooooooooooooo
64, 334.291
ccccccccccccccccccccccc
64, 334
63, 336
63, 338
65, 331
65, 329
63, 340
62, 344
66, 323
66, 326
62, 331
62, 342
61, 327
67, 317
61, 348
61, 353
67, 315
67, 341
61, 351
67, 319
68, 311
68, 308
PPPPPPPPPPPPPPPPPPPPPPP
63.9424, 334.187
63.9899, 334.761
fffffffffffffffffffffff
64, 334
64, 335
f_best_line
64, 334
                       
ooooooooooooooooooooooo
65, 332.232
ccccccccccccccccccccccc
65, 332
64, 335
66, 328
64, 337
63, 328
63, 342
63, 344
67, 324
67, 320
62, 348
68, 313
62, 346
62, 351
68, 317
62, 325
61, 357
PPPPPPPPPPPPPPPPPPPPPPP
64.9705, 332.535
64.8626, 333.182
fffffffffffffffffffffff
65, 332
65, 333
f_best_line
65, 332
                       
ooooooooooooooooooooooo
66, 330.071
ccccccccccccccccccccccc
66, 330
65, 332
65, 335
67, 325
67, 327
68, 322
68, 333
64, 326
68, 318
63, 324
63, 346
69, 310
62, 352
62, 322
62, 350
70, 305
PPPPPPPPPPPPPPPPPPPPPPP
66.0162, 329.831
66.0162, 330.745
fffffffffffffffffffffff
66, 329
66, 330
66, 331
f_best_line
66, 330
                       
ooooooooooooooooooooooo
67, 327.809
ccccccccccccccccccccccc
67, 328
66, 330
68, 323
68, 325
66, 332
69, 316
69, 319
69, 331
65, 325
65, 335
65, 339
64, 346
64, 323
64, 343
70, 308
70, 312
PPPPPPPPPPPPPPPPPPPPPPP
66.9818, 328.576
66.9818, 327.656
fffffffffffffffffffffff
67, 327
67, 328
67, 329
f_best_line
67, 328
                       
ooooooooooooooooooooooo
68, 325.448
ccccccccccccccccccccccc
68, 325
67, 327
67, 329
69, 320
69, 323
66, 335
66, 323
66, 333
66, 338
70, 314
70, 316
70, 318
71, 306
65, 320
65, 342
71, 308
64, 317
64, 348
72, 304
64, 350
72, 300
PPPPPPPPPPPPPPPPPPPPPPP
67.9614, 325.353
67.751, 326.718
67.9196, 326.577
fffffffffffffffffffffff
68, 325
68, 326
f_best_line
68, 325
                       
ooooooooooooooooooooooo
69, 322.987
ccccccccccccccccccccccc
69, 323
68, 325
68, 327
70, 317
71, 310
71, 314
67, 320
67, 333
66, 337
66, 340
72, 305
72, 308
72, 303
66, 343
PPPPPPPPPPPPPPPPPPPPPPP
69.0549, 323.137
69.0549, 322.204
fffffffffffffffffffffff
69, 322
69, 323
69, 324
f_best_line
69, 323
                       
ooooooooooooooooooooooo
70, 320.428
ccccccccccccccccccccccc
70, 320
69, 324
71, 316
72, 310
72, 312
68, 328
68, 333
72, 308
68, 318
67, 336
73, 303
73, 305
67, 339
67, 316
73, 300
74, 299
74, 296
PPPPPPPPPPPPPPPPPPPPPPP
70.063, 319.623
69.9118, 321.194
70.0261, 320.488
fffffffffffffffffffffff
70, 320
70, 321
f_best_line
70, 320
                       
ooooooooooooooooooooooo
71, 317.772
ccccccccccccccccccccccc
71, 318
70, 321
70, 323
72, 312
73, 310
69, 327
73, 306
73, 308
74, 297
74, 300
74, 302
68, 333
68, 313
68, 338
68, 335
75, 323
75, 294
PPPPPPPPPPPPPPPPPPPPPPP
70.9815, 317.659
71.0135, 317.1
fffffffffffffffffffffff
71, 317
71, 318
f_best_line
71, 318
                       
ooooooooooooooooooooooo
72, 315.018
ccccccccccccccccccccccc
72, 315
71, 320
71, 317
73, 313
73, 311
73, 309
74, 303
74, 307
70, 324
70, 326
74, 305
74, 301
69, 311
69, 335
69, 331
69, 333
75, 294
75, 296
75, 298
68, 339
68, 341
PPPPPPPPPPPPPPPPPPPPPPP
72.014, 314.825
72.0506, 314.247
fffffffffffffffffffffff
72, 314
72, 315
72, 316
f_best_line
72, 315
                       
ooooooooooooooooooooooo
73, 312.169
ccccccccccccccccccccccc
73, 312
72, 314
74, 308
72, 317
74, 310
71, 321
71, 325
75, 299
75, 303
76, 292
70, 327
70, 329
70, 308
70, 333
76, 295
76, 297
PPPPPPPPPPPPPPPPPPPPPPP
73.0588, 311.853
73.3008, 311.006
73.3008, 310.719
75.9638, 296.136
73.3008, 311.581
74.0546, 312.083
75.9638, 308.505
74.0546, 306.451
75.9638, 296.621
75.9638, 316.994
73.3008, 310.144
75.9638, 306.565
fffffffffffffffffffffff
73, 311
73, 312
73, 313
f_best_line
73, 312
                       
ooooooooooooooooooooooo
74, 309.225
ccccccccccccccccccccccc
74, 309
73, 311
75, 305
75, 307
73, 313
75, 303
72, 320
76, 298
76, 296
77, 292
71, 325
71, 327
77, 290
77, 312
71, 330
77, 288
PPPPPPPPPPPPPPPPPPPPPPP
74.0091, 309.54
fffffffffffffffffffffff
74, 309
74, 310
f_best_line
74, 309
                       
ooooooooooooooooooooooo
75, 306.186
ccccccccccccccccccccccc
75, 306
76, 301
74, 310
74, 312
74, 308
77, 293
77, 295
77, 298
73, 318
73, 316
73, 320
72, 303
72, 322
72, 327
78, 286
78, 288
78, 291
PPPPPPPPPPPPPPPPPPPPPPP
74.9686, 306.153
75.9638, 302.684
75.0513, 306.741
90, 309
90, 298
90, 186
90, 245
fffffffffffffffffffffff
75, 305
75, 306
75, 307
f_best_line
75, 306
                       
ooooooooooooooooooooooo
76, 303.054
ccccccccccccccccccccccc
76, 303
77, 301
77, 298
75, 305
75, 307
78, 295
78, 290
73, 300
73, 319
73, 321
73, 323
79, 282
79, 285
79, 287
PPPPPPPPPPPPPPPPPPPPPPP
75.9367, 303.619
76.1028, 302.127
fffffffffffffffffffffff
76, 302
76, 303
76, 304
f_best_line
76, 303
                       
ooooooooooooooooooooooo
77, 299.83
ccccccccccccccccccccccc
77, 300
76, 304
78, 295
78, 297
79, 286
79, 290
75, 309
74, 317
80, 280
74, 319
80, 282
74, 321
80, 278
PPPPPPPPPPPPPPPPPPPPPPP
76.9132, 300.001
90, 221
78.6901, 289.664
90, 254
90, 257
78.6901, 299.469
78.6901, 288.095
80.5377, 303.152
78.6901, 290.056
fffffffffffffffffffffff
77, 299
77, 300
77, 301
f_best_line
77, 300
                       
ooooooooooooooooooooooo
78, 296.515
ccccccccccccccccccccccc
78, 297
77, 301
79, 291
79, 293
79, 295
77, 299
76, 309
80, 284
80, 287
80, 282
76, 307
81, 274
81, 276
81, 281
75, 313
81, 279
75, 294
75, 318
74, 293
74, 321
PPPPPPPPPPPPPPPPPPPPPPP
77.9838, 296.361
79.6952, 286.306
90, 235
90, 297
78.2066, 295.808
77.9322, 297.127
fffffffffffffffffffffff
78, 296
78, 297
f_best_line
78, 297
                       
ooooooooooooooooooooooo
79, 293.109
ccccccccccccccccccccccc
79, 293
80, 289
78, 297
80, 287
77, 301
77, 307
77, 304
81, 280
81, 282
81, 284
76, 310
82, 272
82, 276
82, 274
76, 291
76, 312
75, 320
PPPPPPPPPPPPPPPPPPPPPPP
78.9995, 293.506
90, 214
90, 271
79.0987, 292.622
fffffffffffffffffffffff
79, 292
79, 293
79, 294
f_best_line
79, 293
                       
ooooooooooooooooooooooo
80, 289.614
ccccccccccccccccccccccc
80, 290
79, 293
81, 286
81, 284
78, 298
78, 301
82, 276
82, 278
78, 304
77, 288
77, 310
77, 307
83, 270
83, 267
76, 317
PPPPPPPPPPPPPPPPPPPPPPP
82.875, 271.016
79.9986, 289.532
81.8699, 275.772
81.8699, 276.337
82.875, 283.791
81.8699, 277.186
90, 287
79.8994, 290.532
fffffffffffffffffffffff
80, 289
80, 290
f_best_line
80, 290
                       
ooooooooooooooooooooooo
81, 286.031
ccccccccccccccccccccccc
81, 286
80, 292
80, 289
82, 280
82, 282
79, 296
79, 298
83, 273
83, 276
79, 300
83, 271
78, 302
78, 304
78, 306
78, 308
84, 263
PPPPPPPPPPPPPPPPPPPPPPP
81.0038, 286.433
90, 210
90, 221
90, 215
90, 262
90, 254
90, 220
90, 264
90, 225
90, 271
90, 227
90, 260
90, 263
90, 228
90, 279
90, 237
90, 247
84.2894, 286.969
90, 214
90, 240
90, 261
90, 218
90, 284
90, 211
90, 281
90, 242
90, 229
fffffffffffffffffffffff
81, 285
81, 286
81, 287
f_best_line
81, 286
                       
ooooooooooooooooooooooo
82, 282.36
ccccccccccccccccccccccc
82, 282
81, 286
83, 278
83, 281
81, 288
83, 276
80, 295
80, 292
84, 271
84, 268
85, 264
79, 301
79, 304
85, 261
PPPPPPPPPPPPPPPPPPPPPPP
82.0146, 282.237
81.9988, 283.216
fffffffffffffffffffffff
82, 282
82, 283
f_best_line
82, 282
                       
ooooooooooooooooooooooo
83, 278.604
ccccccccccccccccccccccc
83, 279
82, 280
82, 284
84, 272
84, 276
81, 289
81, 287
81, 291
81, 293
85, 264
85, 266
85, 268
85, 270
80, 296
80, 299
86, 257
86, 260
86, 255
PPPPPPPPPPPPPPPPPPPPPPP
84.2894, 275.327
90, 256
82.9922, 278.245
90, 221
90, 228
82.9508, 278.876
fffffffffffffffffffffff
83, 278
83, 279
f_best_line
83, 279
                       
ooooooooooooooooooooooo
84, 274.763
ccccccccccccccccccccccc
84, 275
85, 271
83, 280
82, 284
82, 286
86, 264
86, 260
87, 251
87, 254
PPPPPPPPPPPPPPPPPPPPPPP
83.9372, 275.451
86.4237, 263.86
83.8767, 274.425
fffffffffffffffffffffff
84, 274
84, 275
f_best_line
84, 275
                       
ooooooooooooooooooooooo
85, 270.838
ccccccccccccccccccccccc
85, 271
84, 275
86, 264
86, 267
86, 269
84, 277
83, 281
83, 283
83, 285
87, 258
87, 261
87, 256
88, 252
82, 288
88, 249
82, 290
82, 293
88, 247
89, 242
89, 246
89, 238
81, 296
PPPPPPPPPPPPPPPPPPPPPPP
84.9609, 270.949
90, 231
90, 257
90, 229
90, 251
90, 259
fffffffffffffffffffffff
85, 270
85, 271
85, 272
f_best_line
85, 271
                       
ooooooooooooooooooooooo
86, 266.83
ccccccccccccccccccccccc
86, 267
85, 271
87, 262
85, 273
84, 280
88, 253
88, 256
84, 278
89, 245
89, 248
83, 285
83, 288
83, 290
89, 242
PPPPPPPPPPPPPPPPPPPPPPP
85.9878, 267.343
90, 259
90, 262
90, 253
90, 245
90, 236
90, 250
90, 246
90, 234
90, 251
90, 234
90, 255
90, 257
90, 246
90, 242
90, 256
fffffffffffffffffffffff
86, 266
86, 267
86, 268
f_best_line
86, 267
                       
ooooooooooooooooooooooo
87, 262.741
ccccccccccccccccccccccc
87, 263
86, 268
88, 258
88, 256
85, 273
85, 277
89, 253
89, 247
84, 281
90, 238
91, 247
91, 231
91, 235
83, 294
PPPPPPPPPPPPPPPPPPPPPPP
87.0173, 262.644
90, 258
90, 262
90, 251
90, 241
90, 242
90, 254
90, 249
90, 255
90, 247
90, 252
fffffffffffffffffffffff
87, 262
87, 263
f_best_line
87, 263
                       
ooooooooooooooooooooooo
88, 258.573
ccccccccccccccccccccccc
88, 259
87, 261
87, 265
89, 253
89, 256
86, 269
86, 272
90, 243
90, 246
90, 249
91, 235
91, 241
91, 238
85, 276
85, 279
85, 282
PPPPPPPPPPPPPPPPPPPPPPP
88.0488, 258.85
90, 254
90, 246
90, 250
87.9399, 258.782
90, 254
88.1118, 257.344
fffffffffffffffffffffff
88, 258
88, 259
f_best_line
88, 259
                       
ooooooooooooooooooooooo
89, 254.325
ccccccccccccccccccccccc
89, 254
88, 260
88, 257
90, 247
90, 249
90, 253
87, 267
91, 239
91, 242
91, 245
92, 231
92, 234
92, 237
86, 273
86, 276
86, 279
93, 223
93, 227
93, 235
93, 247
85, 259
85, 271
85, 283
85, 287
PPPPPPPPPPPPPPPPPPPPPPP
90, 251
88.9667, 254.959
90, 253
88.9258, 254.312
fffffffffffffffffffffff
89, 254
89, 255
f_best_line
89, 254
